chr19	0	50000	0	0.0000	0.0000
chr19	50000	100000	0	0.0000	0.0000
chr19	100000	150000	0	0.0000	0.0000
chr19	150000	200000	0	0.0000	0.0000
chr19	200000	250000	0	0.0000	0.0000
chr19	250000	300000	0	0.0000	0.0000
chr19	300000	350000	0	0.0000	0.0000
chr19	350000	400000	0	0.0000	0.0000
chr19	400000	450000	0	0.0000	0.0000
chr19	450000	500000	0	0.0000	0.0000
chr19	500000	550000	0	0.0000	0.0000
chr19	550000	600000	0	0.0000	0.0000
chr19	600000	650000	0	0.0000	0.0000
chr19	650000	700000	0	0.0000	0.0000
chr19	700000	750000	0	0.0000	0.0000
chr19	750000	800000	0	0.0000	0.0000
chr19	800000	850000	0	0.0000	0.0000
chr19	850000	900000	0	0.0000	0.0000
chr19	900000	950000	0	0.0000	0.0000
chr19	950000	1000000	0	0.0000	0.0000
chr19	1000000	1050000	0	0.0000	0.0000
chr19	1050000	1100000	0	0.0000	0.0000
chr19	1100000	1150000	0	0.0000	0.0000
chr19	1150000	1200000	0	0.0000	0.0000
chr19	1200000	1250000	0	0.0000	0.0000
chr19	1250000	1300000	0	0.0000	0.0000
chr19	1300000	1350000	0	0.0000	0.0000
chr19	1350000	1400000	0	0.0000	0.0000
chr19	1400000	1450000	0	0.0000	0.0000
chr19	1450000	1500000	0	0.0000	0.0000
chr19	1500000	1550000	0	0.0000	0.0000
chr19	1550000	1600000	0	0.0000	0.0000
chr19	1600000	1650000	0	0.0000	0.0000
chr19	1650000	1700000	0	0.0000	0.0000
chr19	1700000	1750000	0	0.0000	0.0000
chr19	1750000	1800000	0	0.0000	0.0000
chr19	1800000	1850000	0	0.0000	0.0000
chr19	1850000	1900000	0	0.0000	0.0000
chr19	1900000	1950000	0	0.0000	0.0000
chr19	1950000	2000000	0	0.0000	0.0000
chr19	2000000	2050000	0	0.0000	0.0000
chr19	2050000	2100000	0	0.0000	0.0000
chr19	2100000	2150000	0	0.0000	0.0000
chr19	2150000	2200000	0	0.0000	0.0000
chr19	2200000	2250000	0	0.0000	0.0000
chr19	2250000	2300000	0	0.0000	0.0000
chr19	2300000	2350000	0	0.0000	0.0000
chr19	2350000	2400000	0	0.0000	0.0000
chr19	2400000	2450000	0	0.0000	0.0000
chr19	2450000	2500000	0	0.0000	0.0000
chr19	2500000	2550000	0	0.0000	0.0000
chr19	2550000	2600000	0	0.0000	0.0000
chr19	2600000	2650000	0	0.0000	0.0000
chr19	2650000	2700000	0	0.0000	0.0000
chr19	2700000	2750000	0	0.0000	0.0000
chr19	2750000	2800000	0	0.0000	0.0000
chr19	2800000	2850000	0	0.0000	0.0000
chr19	2850000	2900000	0	0.0000	0.0000
chr19	2900000	2950000	0	0.0000	0.0000
chr19	2950000	3000000	0	0.0000	0.0000
chr19	3000000	3050000	0	0.0000	0.0000
chr19	3050000	3100000	0	0.0000	0.0000
chr19	3100000	3150000	2000	0.3025	0.5844
chr19	3150000	3200000	6224	0.4585	0.7079
chr19	3200000	3250000	0	0.0000	0.0000
chr19	3250000	3300000	9510	0.4993	0.9227
chr19	3300000	3350000	12123	0.4824	0.9426
chr19	3350000	3400000	10141	0.5015	0.9619
chr19	3400000	3450000	14783	0.5078	0.9582
chr19	3450000	3500000	16920	0.4495	0.9727
chr19	3500000	3550000	14899	0.4341	0.9411
chr19	3550000	3600000	11000	0.4597	0.9424
chr19	3600000	3650000	9016	0.5017	0.9449
chr19	3650000	3700000	16737	0.5116	0.9437
chr19	3700000	3750000	8000	0.4689	0.9044
chr19	3750000	3800000	15361	0.4303	0.9142
chr19	3800000	3850000	16985	0.4603	0.9302
chr19	3850000	3900000	17367	0.4574	0.9672
chr19	3900000	3950000	12302	0.5467	0.9909
chr19	3950000	4000000	16956	0.5290	0.9329
chr19	4000000	4050000	11013	0.4826	0.8831
chr19	4050000	4100000	11700	0.4852	0.8840
chr19	4100000	4150000	10000	0.5406	0.9617
chr19	4150000	4200000	11068	0.5264	0.9195
chr19	4200000	4250000	9839	0.5078	0.9390
chr19	4250000	4300000	8094	0.5125	0.9631
chr19	4300000	4350000	11916	0.4377	0.9396
chr19	4350000	4400000	9483	0.3886	0.9214
chr19	4400000	4450000	13845	0.4850	0.8942
chr19	4450000	4500000	9647	0.5097	0.9197
chr19	4500000	4550000	16851	0.4515	0.8886
chr19	4550000	4600000	10874	0.4458	0.9497
chr19	4600000	4650000	12835	0.4880	0.9529
chr19	4650000	4700000	10586	0.4110	0.8636
chr19	4700000	4750000	10000	0.4958	0.9392
chr19	4750000	4800000	15761	0.4413	0.9233
chr19	4800000	4850000	17597	0.4583	0.8437
chr19	4850000	4900000	13173	0.4915	0.9298
chr19	4900000	4950000	10002	0.5013	0.9449
chr19	4950000	5000000	15267	0.4867	0.9424
chr19	5000000	5050000	7000	0.4590	0.8633
chr19	5050000	5100000	13520	0.5664	0.9565
chr19	5100000	5150000	17852	0.4917	0.9207
chr19	5150000	5200000	12641	0.4219	0.8917
chr19	5200000	5250000	8529	0.4182	0.8205
chr19	5250000	5300000	8517	0.4533	0.8879
chr19	5300000	5350000	11974	0.4766	0.9096
chr19	5350000	5400000	7000	0.5133	0.9123
chr19	5400000	5450000	10324	0.4847	0.8794
chr19	5450000	5500000	8000	0.5300	0.9488
chr19	5500000	5550000	10656	0.4855	0.9182
chr19	5550000	5600000	11827	0.5174	0.8698
chr19	5600000	5650000	9000	0.4962	0.8864
chr19	5650000	5700000	13593	0.5509	0.9498
chr19	5700000	5750000	9138	0.5158	0.9214
chr19	5750000	5800000	11870	0.4829	0.8742
chr19	5800000	5850000	13709	0.4835	0.9252
chr19	5850000	5900000	8618	0.5009	0.8904
chr19	5900000	5950000	16569	0.4800	0.9194
chr19	5950000	6000000	13048	0.5090	0.9245
chr19	6000000	6050000	9173	0.4940	0.8768
chr19	6050000	6100000	16411	0.5011	0.9105
chr19	6100000	6150000	8418	0.5325	0.9245
chr19	6150000	6200000	11212	0.5005	0.9338
chr19	6200000	6250000	11191	0.4662	0.9312
chr19	6250000	6300000	8390	0.5136	0.9582
chr19	6300000	6350000	8255	0.4950	0.9886
chr19	6350000	6400000	12632	0.4740	0.9512
chr19	6400000	6450000	11612	0.5056	0.9763
chr19	6450000	6500000	8773	0.5372	0.9620
chr19	6500000	6550000	10000	0.5386	0.9889
chr19	6550000	6600000	10742	0.5127	0.9410
chr19	6600000	6650000	13875	0.4834	0.9238
chr19	6650000	6700000	8298	0.4734	0.9369
chr19	6700000	6750000	0	0.0000	0.0000
chr19	6750000	6800000	0	0.0000	0.0000
chr19	6800000	6850000	0	0.0000	0.0000
chr19	6850000	6900000	3000	0.5262	0.9175
chr19	6900000	6950000	9415	0.5142	0.8998
chr19	6950000	7000000	9000	0.4567	0.8771
chr19	7000000	7050000	10896	0.5460	0.9925
chr19	7050000	7100000	9000	0.5191	0.9248
chr19	7100000	7150000	12513	0.4864	0.8695
chr19	7150000	7200000	9135	0.5394	0.9752
chr19	7200000	7250000	16512	0.5466	0.9820
chr19	7250000	7300000	6000	0.5244	0.9362
chr19	7300000	7350000	9049	0.5060	0.8525
chr19	7350000	7400000	13509	0.4898	0.9574
chr19	7400000	7450000	17922	0.4933	0.8886
chr19	7450000	7500000	9000	0.4913	0.8684
chr19	7500000	7550000	15982	0.4077	0.8969
chr19	7550000	7600000	16733	0.4118	0.8664
chr19	7600000	7650000	10441	0.4303	0.9348
chr19	7650000	7700000	14861	0.4525	0.9050
chr19	7700000	7750000	13701	0.4123	0.8804
chr19	7750000	7800000	14912	0.3778	0.9222
chr19	7800000	7850000	2000	0.4217	0.8668
chr19	7850000	7900000	9995	0.3846	0.8240
chr19	7900000	7950000	9904	0.4171	0.7379
chr19	7950000	8000000	5000	0.3870	0.5749
chr19	8000000	8050000	11093	0.3884	0.5564
chr19	8050000	8100000	3252	0.4313	0.5377
chr19	8100000	8150000	3000	0.4100	0.6393
chr19	8150000	8200000	3823	0.3480	0.5455
chr19	8200000	8250000	6612	0.4435	0.6392
chr19	8250000	8300000	5000	0.3758	0.6099
chr19	8300000	8350000	5568	0.3969	0.5878
chr19	8350000	8400000	3000	0.3817	0.5202
chr19	8400000	8450000	2807	0.3170	0.5391
chr19	8450000	8500000	2489	0.4090	0.5970
chr19	8500000	8550000	7469	0.3910	0.8960
chr19	8550000	8600000	14743	0.3550	0.8700
chr19	8600000	8650000	7688	0.4143	0.8910
chr19	8650000	8700000	15199	0.4479	0.9206
chr19	8700000	8750000	14161	0.4624	0.9463
chr19	8750000	8800000	7737	0.4387	0.8937
chr19	8800000	8850000	14353	0.4298	0.9383
chr19	8850000	8900000	9250	0.4986	0.8995
chr19	8900000	8950000	13834	0.4437	0.9103
chr19	8950000	9000000	12000	0.4552	0.8790
chr19	9000000	9050000	10635	0.4727	0.8506
chr19	9050000	9100000	11479	0.4605	0.9630
chr19	9100000	9150000	13837	0.4414	0.9226
chr19	9150000	9200000	12441	0.4534	0.9471
chr19	9200000	9250000	12000	0.3989	0.8881
chr19	9250000	9300000	10764	0.3875	0.8670
chr19	9300000	9350000	2249	0.3633	0.7704
chr19	9350000	9400000	3428	0.3788	0.5208
chr19	9400000	9450000	4000	0.3440	0.5300
chr19	9450000	9500000	1000	0.3400	0.7572
chr19	9500000	9550000	8460	0.3609	0.8641
chr19	9550000	9600000	3769	0.3720	0.7454
chr19	9600000	9650000	3027	0.4575	0.5965
chr19	9650000	9700000	3000	0.3700	0.5314
chr19	9700000	9750000	4695	0.3735	0.5253
chr19	9750000	9800000	7594	0.3981	0.5920
chr19	9800000	9850000	10739	0.4100	0.8284
chr19	9850000	9900000	0	0.0000	0.0000
chr19	9900000	9950000	11277	0.4075	0.8033
chr19	9950000	10000000	15520	0.4499	0.9035
chr19	10000000	10050000	17039	0.4506	0.9109
chr19	10050000	10100000	11892	0.4871	0.9577
chr19	10100000	10150000	14079	0.5072	0.9884
chr19	10150000	10200000	17301	0.4644	0.9629
chr19	10200000	10250000	10456	0.4410	0.9246
chr19	10250000	10300000	12334	0.5227	0.9118
chr19	10300000	10350000	7934	0.5211	0.9295
chr19	10350000	10400000	12391	0.4881	0.9495
chr19	10400000	10450000	11085	0.4996	0.9388
chr19	10450000	10500000	10680	0.5214	0.9552
chr19	10500000	10550000	6000	0.5218	0.9920
chr19	10550000	10600000	8000	0.4354	0.9022
chr19	10600000	10650000	12672	0.4325	0.9396
chr19	10650000	10700000	14176	0.4380	0.9601
chr19	10700000	10750000	10934	0.4750	0.9184
chr19	10750000	10800000	12311	0.4910	0.9801
chr19	10800000	10850000	12098	0.4846	0.9786
chr19	10850000	10900000	11545	0.4756	0.9540
chr19	10900000	10950000	13625	0.5028	0.9434
chr19	10950000	11000000	11298	0.4675	0.9654
chr19	11000000	11050000	8080	0.4803	0.9195
chr19	11050000	11100000	14202	0.4347	0.9680
chr19	11100000	11150000	9276	0.4226	0.8739
chr19	11150000	11200000	12690	0.4021	0.8277
chr19	11200000	11250000	15368	0.4116	0.9413
chr19	11250000	11300000	12664	0.3989	0.9330
chr19	11300000	11350000	12435	0.4117	0.9419
chr19	11350000	11400000	13606	0.3880	0.9232
chr19	11400000	11450000	15179	0.3809	0.8935
chr19	11450000	11500000	18622	0.3776	0.8630
chr19	11500000	11550000	15504	0.3807	0.7482
chr19	11550000	11600000	14000	0.3730	0.8409
chr19	11600000	11650000	17173	0.3929	0.8450
chr19	11650000	11700000	14527	0.4112	0.9115
chr19	11700000	11750000	10202	0.4222	0.9336
chr19	11750000	11800000	10590	0.4021	0.9255
chr19	11800000	11850000	11995	0.4255	0.9372
chr19	11850000	11900000	18754	0.4241	0.9440
chr19	11900000	11950000	17476	0.3993	0.9342
chr19	11950000	12000000	16079	0.4120	0.9219
chr19	12000000	12050000	15726	0.4358	0.9068
chr19	12050000	12100000	14280	0.4217	0.9147
chr19	12100000	12150000	10561	0.3973	0.9484
chr19	12150000	12200000	20580	0.3922	0.9309
chr19	12200000	12250000	15205	0.3822	0.8402
chr19	12250000	12300000	11178	0.4060	0.8196
chr19	12300000	12350000	15617	0.3841	0.7791
chr19	12350000	12400000	6000	0.3381	0.8236
chr19	12400000	12450000	11181	0.3936	0.8567
chr19	12450000	12500000	11635	0.3870	0.9291
chr19	12500000	12550000	11860	0.4487	0.9577
chr19	12550000	12600000	9000	0.4481	0.9875
chr19	12600000	12650000	9398	0.4110	0.9494
chr19	12650000	12700000	14193	0.3985	0.9438
chr19	12700000	12750000	11688	0.3727	0.8111
chr19	12750000	12800000	9576	0.4153	0.8999
chr19	12800000	12850000	19667	0.3919	0.9234
chr19	12850000	12900000	15569	0.3503	0.9914
chr19	12900000	12950000	16524	0.3852	0.9170
chr19	12950000	13000000	13585	0.3757	0.8283
chr19	13000000	13050000	4000	0.3850	0.9907
chr19	13050000	13100000	12850	0.3650	0.8661
chr19	13100000	13150000	6476	0.4071	0.8512
chr19	13150000	13200000	11670	0.3542	0.8866
chr19	13200000	13250000	14576	0.3398	0.9013
chr19	13250000	13300000	11732	0.3479	0.8415
chr19	13300000	13350000	9804	0.3438	0.7796
chr19	13350000	13400000	17547	0.3309	0.7916
chr19	13400000	13450000	9730	0.3274	0.9209
chr19	13450000	13500000	17466	0.3754	0.8646
chr19	13500000	13550000	12063	0.3305	0.7720
chr19	13550000	13600000	9030	0.3763	0.6711
chr19	13600000	13650000	8086	0.3421	0.7276
chr19	13650000	13700000	6000	0.3361	0.6552
chr19	13700000	13750000	7953	0.3753	0.9144
chr19	13750000	13800000	11140	0.3755	0.9024
chr19	13800000	13850000	12637	0.3475	0.9049
chr19	13850000	13900000	15921	0.3659	0.9009
chr19	13900000	13950000	11676	0.3561	0.7790
chr19	13950000	14000000	10088	0.3714	0.7541
chr19	14000000	14050000	9017	0.3886	0.8409
chr19	14050000	14100000	8878	0.3872	0.8700
chr19	14100000	14150000	15773	0.3864	0.9438
chr19	14150000	14200000	16772	0.4235	0.9176
chr19	14200000	14250000	18315	0.3835	0.9426
chr19	14250000	14300000	14932	0.3821	0.9472
chr19	14300000	14350000	19434	0.4092	0.9306
chr19	14350000	14400000	12573	0.4196	0.9951
chr19	14400000	14450000	23501	0.4133	0.9349
chr19	14450000	14500000	17084	0.4236	0.9378
chr19	14500000	14550000	15945	0.4228	0.9562
chr19	14550000	14600000	14379	0.3860	0.9787
chr19	14600000	14650000	17189	0.3890	0.9443
chr19	14650000	14700000	16552	0.3969	0.9604
chr19	14700000	14750000	17295	0.4072	0.8792
chr19	14750000	14800000	14280	0.3994	0.9412
chr19	14800000	14850000	17722	0.3753	0.9758
chr19	14850000	14900000	19321	0.3879	0.9830
chr19	14900000	14950000	15842	0.4091	0.9760
chr19	14950000	15000000	15919	0.3896	0.9827
chr19	15000000	15050000	16699	0.4215	0.9785
chr19	15050000	15100000	7847	0.3868	0.9936
chr19	15100000	15150000	15652	0.3933	0.9593
chr19	15150000	15200000	15283	0.3840	0.9535
chr19	15200000	15250000	16671	0.4114	0.9263
chr19	15250000	15300000	15884	0.3856	0.9665
chr19	15300000	15350000	13479	0.4028	0.9041
chr19	15350000	15400000	14425	0.3944	0.9460
chr19	15400000	15450000	11819	0.3929	0.9501
chr19	15450000	15500000	12018	0.4050	0.9295
chr19	15500000	15550000	13104	0.3618	0.9770
chr19	15550000	15600000	17393	0.3884	0.9480
chr19	15600000	15650000	20177	0.3933	0.9637
chr19	15650000	15700000	20284	0.4173	0.9558
chr19	15700000	15750000	14413	0.4384	0.9378
chr19	15750000	15800000	10610	0.3962	0.9581
chr19	15800000	15850000	12498	0.3905	0.9778
chr19	15850000	15900000	13288	0.4496	0.9569
chr19	15900000	15950000	20039	0.4471	0.9477
chr19	15950000	16000000	11358	0.4620	0.8974
chr19	16000000	16050000	16080	0.4342	0.9098
chr19	16050000	16100000	14788	0.4361	0.9140
chr19	16100000	16150000	13396	0.4357	0.8449
chr19	16150000	16200000	17457	0.4256	0.9023
chr19	16200000	16250000	12484	0.4112	0.9771
chr19	16250000	16300000	14740	0.3845	0.9882
chr19	16300000	16350000	23509	0.4079	0.9684
chr19	16350000	16400000	13808	0.4208	0.9542
chr19	16400000	16450000	18937	0.4249	0.9879
chr19	16450000	16500000	9317	0.4484	0.9477
chr19	16500000	16550000	12215	0.4627	0.9483
chr19	16550000	16600000	14695	0.4013	0.9723
chr19	16600000	16650000	17089	0.4261	0.9512
chr19	16650000	16700000	14556	0.4209	0.9634
chr19	16700000	16750000	12330	0.3654	0.9774
chr19	16750000	16800000	18037	0.3608	0.9350
chr19	16800000	16850000	11217	0.3525	0.9743
chr19	16850000	16900000	17984	0.4127	0.9179
chr19	16900000	16950000	15284	0.3993	0.9479
chr19	16950000	17000000	17037	0.4138	0.9432
chr19	17000000	17050000	13326	0.4167	0.9669
chr19	17050000	17100000	14252	0.4551	0.9855
chr19	17100000	17150000	17434	0.4164	0.9800
chr19	17150000	17200000	19012	0.4278	0.9678
chr19	17200000	17250000	12389	0.4129	0.9332
chr19	17250000	17300000	15998	0.4337	0.9868
chr19	17300000	17350000	15150	0.4363	0.9383
chr19	17350000	17400000	12414	0.4122	0.9541
chr19	17400000	17450000	9000	0.4463	0.9674
chr19	17450000	17500000	14000	0.4168	0.9232
chr19	17500000	17550000	6000	0.4315	0.9682
chr19	17550000	17600000	15036	0.4253	0.9879
chr19	17600000	17650000	14741	0.4336	0.9593
chr19	17650000	17700000	18610	0.4058	0.9447
chr19	17700000	17750000	16094	0.3978	0.9728
chr19	17750000	17800000	10437	0.3889	0.9620
chr19	17800000	17850000	19229	0.4094	0.9845
chr19	17850000	17900000	18200	0.4204	0.9703
chr19	17900000	17950000	15036	0.4194	0.9417
chr19	17950000	18000000	15416	0.3983	0.9505
chr19	18000000	18050000	10698	0.3976	0.9589
chr19	18050000	18100000	14866	0.3903	0.9703
chr19	18100000	18150000	12000	0.3842	0.9379
chr19	18150000	18200000	10145	0.3645	0.9098
chr19	18200000	18250000	11501	0.4133	0.9296
chr19	18250000	18300000	20323	0.4104	0.9363
chr19	18300000	18350000	6792	0.3833	0.9191
chr19	18350000	18400000	17599	0.4036	0.9456
chr19	18400000	18450000	13746	0.4141	0.9673
chr19	18450000	18500000	14443	0.3754	0.9106
chr19	18500000	18550000	13233	0.3807	0.8944
chr19	18550000	18600000	15508	0.4244	0.9225
chr19	18600000	18650000	21863	0.4114	0.8870
chr19	18650000	18700000	13621	0.4443	0.9249
chr19	18700000	18750000	13380	0.4206	0.9733
chr19	18750000	18800000	15733	0.3934	0.8749
chr19	18800000	18850000	6157	0.3960	0.9793
chr19	18850000	18900000	22057	0.4042	0.9563
chr19	18900000	18950000	12578	0.4200	0.9398
chr19	18950000	19000000	17463	0.4300	0.9299
chr19	19000000	19050000	19564	0.3877	0.9946
chr19	19050000	19100000	15814	0.3924	0.9844
chr19	19100000	19150000	18315	0.3968	0.9788
chr19	19150000	19200000	20377	0.3924	0.9696
chr19	19200000	19250000	12402	0.3661	0.9661
chr19	19250000	19300000	16718	0.3737	0.9423
chr19	19300000	19350000	13305	0.3673	0.9210
chr19	19350000	19400000	14954	0.3813	0.9044
chr19	19400000	19450000	13798	0.3580	0.9741
chr19	19450000	19500000	12751	0.3469	0.8783
chr19	19500000	19550000	9000	0.4150	0.8817
chr19	19550000	19600000	15797	0.3655	0.9310
chr19	19600000	19650000	15703	0.3707	0.9580
chr19	19650000	19700000	16789	0.3770	0.9110
chr19	19700000	19750000	13423	0.3576	0.9272
chr19	19750000	19800000	17261	0.3613	0.9613
chr19	19800000	19850000	15036	0.3703	0.9171
chr19	19850000	19900000	10698	0.3545	0.9263
chr19	19900000	19950000	12059	0.3477	0.9177
chr19	19950000	20000000	15559	0.3360	0.9047
chr19	20000000	20050000	14026	0.3967	0.9113
chr19	20050000	20100000	13964	0.3505	0.9674
chr19	20100000	20150000	10754	0.3869	0.9033
chr19	20150000	20200000	14892	0.3670	0.9442
chr19	20200000	20250000	11813	0.3460	0.9148
chr19	20250000	20300000	15092	0.3706	0.9641
chr19	20300000	20350000	13257	0.3971	0.9231
chr19	20350000	20400000	16537	0.3719	0.9279
chr19	20400000	20450000	9409	0.3983	0.9447
chr19	20450000	20500000	17560	0.3733	0.9574
chr19	20500000	20550000	14251	0.3410	0.9623
chr19	20550000	20600000	12634	0.3802	0.9344
chr19	20600000	20650000	14573	0.4192	0.8755
chr19	20650000	20700000	15920	0.4069	0.9511
chr19	20700000	20750000	18114	0.3611	0.9720
chr19	20750000	20800000	13474	0.3796	0.9439
chr19	20800000	20850000	11717	0.4014	0.9082
chr19	20850000	20900000	18342	0.3995	0.9410
chr19	20900000	20950000	20354	0.4108	0.9579
chr19	20950000	21000000	17028	0.3886	0.9361
chr19	21000000	21050000	12932	0.4002	0.9223
chr19	21050000	21100000	16116	0.3967	0.9240
chr19	21100000	21150000	18454	0.4361	0.9403
chr19	21150000	21200000	14945	0.4109	0.9557
chr19	21200000	21250000	16309	0.4357	0.9579
chr19	21250000	21300000	8014	0.4022	0.9783
chr19	21300000	21350000	20709	0.4341	0.8993
chr19	21350000	21400000	15734	0.4122	0.9152
chr19	21400000	21450000	14308	0.4037	0.9138
chr19	21450000	21500000	11307	0.4015	0.9551
chr19	21500000	21550000	14801	0.4342	0.9451
chr19	21550000	21600000	14100	0.4109	0.9794
chr19	21600000	21650000	10773	0.4207	0.8921
chr19	21650000	21700000	17934	0.4206	0.9156
chr19	21700000	21750000	17145	0.4111	0.9324
chr19	21750000	21800000	10097	0.4103	0.9005
chr19	21800000	21850000	10025	0.4020	0.9213
chr19	21850000	21900000	13381	0.4509	0.9646
chr19	21900000	21950000	15151	0.4250	0.9666
chr19	21950000	22000000	14906	0.4237	0.9332
chr19	22000000	22050000	9655	0.4250	0.9348
chr19	22050000	22100000	20240	0.4087	0.9332
chr19	22100000	22150000	11439	0.3852	0.9704
chr19	22150000	22200000	15259	0.3955	0.9606
chr19	22200000	22250000	10638	0.3962	0.9536
chr19	22250000	22300000	18947	0.4023	0.9272
chr19	22300000	22350000	13094	0.3998	0.8947
chr19	22350000	22400000	13444	0.4300	0.9514
chr19	22400000	22450000	16499	0.3875	0.9736
chr19	22450000	22500000	14683	0.4163	0.9544
chr19	22500000	22550000	15194	0.3889	0.9846
chr19	22550000	22600000	16584	0.4041	0.9771
chr19	22600000	22650000	16916	0.3922	0.9608
chr19	22650000	22700000	14799	0.4106	0.9685
chr19	22700000	22750000	12613	0.4167	0.9765
chr19	22750000	22800000	18142	0.3988	0.9859
chr19	22800000	22850000	19725	0.3957	0.9892
chr19	22850000	22900000	20589	0.4197	0.9165
chr19	22900000	22950000	5480	0.4045	0.9883
chr19	22950000	23000000	13495	0.4687	0.9337
chr19	23000000	23050000	12207	0.4382	0.9094
chr19	23050000	23100000	14730	0.4427	0.9476
chr19	23100000	23150000	13394	0.4343	0.9002
chr19	23150000	23200000	13056	0.4225	0.8670
chr19	23200000	23250000	12403	0.4764	0.8863
chr19	23250000	23300000	15963	0.4027	0.9388
chr19	23300000	23350000	15769	0.3696	0.9084
chr19	23350000	23400000	18151	0.4033	0.9301
chr19	23400000	23450000	17125	0.4281	0.9627
chr19	23450000	23500000	14636	0.4375	0.9808
chr19	23500000	23550000	16293	0.4310	0.9337
chr19	23550000	23600000	13747	0.4214	0.9623
chr19	23600000	23650000	12779	0.4167	0.9792
chr19	23650000	23700000	22210	0.4103	0.9035
chr19	23700000	23750000	11570	0.3965	0.9449
chr19	23750000	23800000	22792	0.4130	0.9283
chr19	23800000	23850000	13030	0.4200	0.9644
chr19	23850000	23900000	20101	0.4419	0.9691
chr19	23900000	23950000	14498	0.4491	0.9584
chr19	23950000	24000000	18630	0.4532	0.9733
chr19	24000000	24050000	8998	0.4752	0.9924
chr19	24050000	24100000	16851	0.4374	0.9210
chr19	24100000	24150000	12002	0.4390	0.9540
chr19	24150000	24200000	10187	0.4685	0.9668
chr19	24200000	24250000	10258	0.4905	0.9340
chr19	24250000	24300000	14767	0.4719	0.9000
chr19	24300000	24350000	9031	0.4708	0.8389
chr19	24350000	24400000	10648	0.4574	0.9378
chr19	24400000	24450000	13958	0.4433	0.9707
chr19	24450000	24500000	16351	0.4196	0.9600
chr19	24500000	24550000	12773	0.4273	0.9571
chr19	24550000	24600000	12915	0.4237	0.9339
chr19	24600000	24650000	14646	0.4071	0.9446
chr19	24650000	24700000	11015	0.4514	0.8865
chr19	24700000	24750000	13410	0.4600	0.9359
chr19	24750000	24800000	15536	0.4420	0.9475
chr19	24800000	24850000	16975	0.4227	0.9581
chr19	24850000	24900000	10342	0.4315	0.9014
chr19	24900000	24950000	9000	0.4382	0.9678
chr19	24950000	25000000	12029	0.4343	0.9379
chr19	25000000	25050000	17426	0.3438	0.9096
chr19	25050000	25100000	11090	0.4336	0.9489
chr19	25100000	25150000	16764	0.4107	0.9714
chr19	25150000	25200000	14901	0.4385	0.9451
chr19	25200000	25250000	11121	0.4513	0.9681
chr19	25250000	25300000	14368	0.4546	0.9439
chr19	25300000	25350000	10750	0.4605	0.9179
chr19	25350000	25400000	11509	0.4328	0.9466
chr19	25400000	25450000	14966	0.4532	0.9833
chr19	25450000	25500000	12310	0.4500	0.9521
chr19	25500000	25550000	13699	0.4528	0.9684
chr19	25550000	25600000	12201	0.4598	0.8922
chr19	25600000	25650000	12076	0.4512	0.9652
chr19	25650000	25700000	8000	0.4404	0.9431
chr19	25700000	25750000	14933	0.4516	0.9475
chr19	25750000	25800000	16120	0.4230	0.9659
chr19	25800000	25850000	11232	0.4394	0.9606
chr19	25850000	25900000	18141	0.4156	0.9206
chr19	25900000	25950000	16269	0.4015	0.9574
chr19	25950000	26000000	16029	0.4159	0.9402
chr19	26000000	26050000	5520	0.4394	0.9506
chr19	26050000	26100000	17123	0.4093	0.9602
chr19	26100000	26150000	13287	0.4169	0.9826
chr19	26150000	26200000	10181	0.3682	0.9449
chr19	26200000	26250000	14687	0.4222	0.9572
chr19	26250000	26300000	10970	0.4186	0.9259
chr19	26300000	26350000	16685	0.4002	0.9543
chr19	26350000	26400000	15553	0.4000	0.9061
chr19	26400000	26450000	12574	0.4045	0.9387
chr19	26450000	26500000	21282	0.4125	0.9561
chr19	26500000	26550000	13611	0.4221	0.9692
chr19	26550000	26600000	20338	0.4318	0.9731
chr19	26600000	26650000	11266	0.4235	0.9539
chr19	26650000	26700000	11399	0.4396	0.9606
chr19	26700000	26750000	19151	0.4320	0.9703
chr19	26750000	26800000	16752	0.4564	0.9355
chr19	26800000	26850000	14156	0.4505	0.9810
chr19	26850000	26900000	13290	0.4185	0.9788
chr19	26900000	26950000	12196	0.4365	0.9516
chr19	26950000	27000000	12491	0.4352	0.9317
chr19	27000000	27050000	15593	0.4361	0.9423
chr19	27050000	27100000	14106	0.3938	0.9399
chr19	27100000	27150000	15806	0.4092	0.9575
chr19	27150000	27200000	18841	0.4140	0.9745
chr19	27200000	27250000	14965	0.4329	0.9345
chr19	27250000	27300000	12496	0.4200	0.9608
chr19	27300000	27350000	21104	0.4228	0.9195
chr19	27350000	27400000	14348	0.4242	0.9354
chr19	27400000	27450000	15861	0.4331	0.9555
chr19	27450000	27500000	15333	0.4236	0.9613
chr19	27500000	27550000	17455	0.4352	0.9350
chr19	27550000	27600000	20225	0.4188	0.8994
chr19	27600000	27650000	15415	0.4229	0.9214
chr19	27650000	27700000	15931	0.4239	0.9464
chr19	27700000	27750000	8615	0.4038	0.9373
chr19	27750000	27800000	20090	0.4238	0.9600
chr19	27800000	27850000	11619	0.4320	0.9450
chr19	27850000	27900000	21189	0.3798	0.9643
chr19	27900000	27950000	17676	0.3542	0.9724
chr19	27950000	28000000	14362	0.3924	0.9482
chr19	28000000	28050000	13976	0.3453	0.9646
chr19	28050000	28100000	17620	0.3503	0.9660
chr19	28100000	28150000	13076	0.3970	0.9397
chr19	28150000	28200000	8248	0.4041	0.9906
chr19	28200000	28250000	14868	0.4248	0.9491
chr19	28250000	28300000	14326	0.4264	0.9255
chr19	28300000	28350000	14070	0.4546	0.9634
chr19	28350000	28400000	19526	0.4301	0.9871
chr19	28400000	28450000	17373	0.4234	0.9702
chr19	28450000	28500000	18224	0.4262	0.9968
chr19	28500000	28550000	12143	0.4552	0.9928
chr19	28550000	28600000	11888	0.4607	0.9407
chr19	28600000	28650000	19379	0.4146	0.9801
chr19	28650000	28700000	14591	0.4298	0.9819
chr19	28700000	28750000	13655	0.4197	0.9665
chr19	28750000	28800000	15527	0.4337	0.9332
chr19	28800000	28850000	19615	0.4446	0.9249
chr19	28850000	28900000	11000	0.4180	0.9219
chr19	28900000	28950000	17121	0.4350	0.9382
chr19	28950000	29000000	17344	0.4554	0.9616
chr19	29000000	29050000	17073	0.4399	0.9697
chr19	29050000	29100000	16662	0.3988	0.9350
chr19	29100000	29150000	14067	0.4323	0.9664
chr19	29150000	29200000	14455	0.4423	0.9256
chr19	29200000	29250000	13860	0.4210	0.9079
chr19	29250000	29300000	11971	0.4268	0.9198
chr19	29300000	29350000	15856	0.4061	0.9270
chr19	29350000	29400000	24404	0.3959	0.9555
chr19	29400000	29450000	12314	0.4254	0.9540
chr19	29450000	29500000	22750	0.4337	0.9227
chr19	29500000	29550000	16790	0.4406	0.9436
chr19	29550000	29600000	12195	0.4441	0.9562
chr19	29600000	29650000	13470	0.3735	0.9610
chr19	29650000	29700000	9226	0.3959	0.9346
chr19	29700000	29750000	13328	0.4631	0.9402
chr19	29750000	29800000	9678	0.4213	0.9026
chr19	29800000	29850000	12300	0.3509	0.9677
chr19	29850000	29900000	16300	0.3914	0.9612
chr19	29900000	29950000	21161	0.4438	0.9146
chr19	29950000	30000000	11271	0.4400	0.8926
chr19	30000000	30050000	12948	0.4237	0.9377
chr19	30050000	30100000	13344	0.4108	0.9167
chr19	30100000	30150000	16696	0.3758	0.9605
chr19	30150000	30200000	9133	0.4253	0.9656
chr19	30200000	30250000	17449	0.4399	0.9287
chr19	30250000	30300000	10696	0.4550	0.8087
chr19	30300000	30350000	12582	0.4162	0.8516
chr19	30350000	30400000	16395	0.4176	0.9207
chr19	30400000	30450000	16509	0.3871	0.9666
chr19	30450000	30500000	8232	0.4097	0.9462
chr19	30500000	30550000	18510	0.3727	0.9704
chr19	30550000	30600000	13590	0.4110	0.9620
chr19	30600000	30650000	17828	0.4082	0.9243
chr19	30650000	30700000	14348	0.3881	0.9608
chr19	30700000	30750000	10894	0.3791	1.0000
chr19	30750000	30800000	11894	0.3582	0.9422
chr19	30800000	30850000	15489	0.3796	0.9178
chr19	30850000	30900000	14443	0.4008	0.9700
chr19	30900000	30950000	20460	0.4027	0.9505
chr19	30950000	31000000	13978	0.4111	0.9615
chr19	31000000	31050000	11809	0.3758	0.9542
chr19	31050000	31100000	10076	0.3824	0.9844
chr19	31100000	31150000	14656	0.4155	0.9530
chr19	31150000	31200000	7042	0.4165	0.8835
chr19	31200000	31250000	13954	0.3909	0.9398
chr19	31250000	31300000	16939	0.3576	0.9467
chr19	31300000	31350000	13493	0.3946	0.9691
chr19	31350000	31400000	16525	0.3934	0.9368
chr19	31400000	31450000	7960	0.3950	0.9247
chr19	31450000	31500000	19555	0.3975	0.9665
chr19	31500000	31550000	9050	0.4123	0.9453
chr19	31550000	31600000	12983	0.3913	0.9781
chr19	31600000	31650000	10367	0.3859	0.9708
chr19	31650000	31700000	16638	0.3633	0.9612
chr19	31700000	31750000	17469	0.4381	0.9577
chr19	31750000	31800000	14723	0.3852	0.9418
chr19	31800000	31850000	17672	0.4236	0.9353
chr19	31850000	31900000	11080	0.3779	0.9868
chr19	31900000	31950000	12000	0.4126	0.8916
chr19	31950000	32000000	11037	0.3836	0.9792
chr19	32000000	32050000	14454	0.3988	0.9606
chr19	32050000	32100000	18588	0.4110	0.9451
chr19	32100000	32150000	16139	0.4280	0.9487
chr19	32150000	32200000	16359	0.4300	0.8994
chr19	32200000	32250000	17626	0.4303	0.9244
chr19	32250000	32300000	12300	0.4315	0.9685
chr19	32300000	32350000	12185	0.4579	0.9837
chr19	32350000	32400000	15265	0.4213	0.9519
chr19	32400000	32450000	21354	0.4416	0.9520
chr19	32450000	32500000	13867	0.4318	0.9091
chr19	32500000	32550000	16274	0.4338	0.8968
chr19	32550000	32600000	11640	0.4345	0.9297
chr19	32600000	32650000	11157	0.4382	0.9071
chr19	32650000	32700000	13302	0.4265	0.9527
chr19	32700000	32750000	16420	0.4476	0.9572
chr19	32750000	32800000	16265	0.3796	0.8866
chr19	32800000	32850000	20482	0.4237	0.8873
chr19	32850000	32900000	14597	0.3570	0.9910
chr19	32900000	32950000	13894	0.4314	0.9313
chr19	32950000	33000000	18312	0.4422	0.9339
chr19	33000000	33050000	13867	0.4468	0.9413
chr19	33050000	33100000	21338	0.4291	0.9554
chr19	33100000	33150000	18844	0.4354	0.9648
chr19	33150000	33200000	11501	0.4273	0.9622
chr19	33200000	33250000	17254	0.3948	0.9420
chr19	33250000	33300000	15462	0.4007	0.9563
chr19	33300000	33350000	14109	0.3904	0.9622
chr19	33350000	33400000	17972	0.3844	0.9680
chr19	33400000	33450000	12052	0.3985	0.9319
chr19	33450000	33500000	12067	0.4217	0.7647
chr19	33500000	33550000	7114	0.3727	0.7308
chr19	33550000	33600000	5816	0.2961	0.6300
chr19	33600000	33650000	4216	0.3900	0.7188
chr19	33650000	33700000	6000	0.3844	0.5588
chr19	33700000	33750000	8423	0.3838	0.6470
chr19	33750000	33800000	1000	0.2050	0.5046
chr19	33800000	33850000	3000	0.4275	0.5442
chr19	33850000	33900000	6590	0.3521	0.6426
chr19	33900000	33950000	9000	0.3693	0.7463
chr19	33950000	34000000	10600	0.3511	0.8814
chr19	34000000	34050000	12582	0.3652	0.9358
chr19	34050000	34100000	8421	0.3930	0.9302
chr19	34100000	34150000	16197	0.3738	0.9781
chr19	34150000	34200000	13149	0.4050	0.9597
chr19	34200000	34250000	14375	0.3954	0.9385
chr19	34250000	34300000	15483	0.4061	0.9188
chr19	34300000	34350000	15106	0.4011	0.9715
chr19	34350000	34400000	12141	0.4424	0.9396
chr19	34400000	34450000	15321	0.4079	0.9276
chr19	34450000	34500000	14270	0.3910	0.9405
chr19	34500000	34550000	11121	0.4083	0.9558
chr19	34550000	34600000	11908	0.4131	0.9173
chr19	34600000	34650000	11209	0.4512	0.8700
chr19	34650000	34700000	13238	0.4370	0.7400
chr19	34700000	34750000	16111	0.4261	0.9169
chr19	34750000	34800000	10000	0.3850	0.9738
chr19	34800000	34850000	18516	0.4275	0.9840
chr19	34850000	34900000	13269	0.4068	0.8799
chr19	34900000	34950000	10566	0.4343	0.9141
chr19	34950000	35000000	18116	0.4296	0.9226
chr19	35000000	35050000	15287	0.3725	0.9795
chr19	35050000	35100000	14332	0.4172	0.8884
chr19	35100000	35150000	13608	0.4180	0.8882
chr19	35150000	35200000	13831	0.4120	0.9414
chr19	35200000	35250000	18316	0.4051	0.9207
chr19	35250000	35300000	13667	0.3762	0.9220
chr19	35300000	35350000	15840	0.3662	0.8925
chr19	35350000	35400000	16646	0.3671	0.9050
chr19	35400000	35450000	8838	0.3761	0.9115
chr19	35450000	35500000	18094	0.3608	0.9571
chr19	35500000	35550000	15841	0.3838	0.9054
chr19	35550000	35600000	14278	0.3419	0.9074
chr19	35600000	35650000	13835	0.3602	0.9521
chr19	35650000	35700000	9745	0.3845	0.8924
chr19	35700000	35750000	13299	0.3702	0.8932
chr19	35750000	35800000	14974	0.3510	0.9478
chr19	35800000	35850000	13940	0.3705	0.9416
chr19	35850000	35900000	15321	0.3775	0.9405
chr19	35900000	35950000	14432	0.3804	0.9486
chr19	35950000	36000000	14097	0.3934	0.9504
chr19	36000000	36050000	11376	0.4146	0.9539
chr19	36050000	36100000	9490	0.4066	0.9440
chr19	36100000	36150000	16630	0.4031	0.9014
chr19	36150000	36200000	21691	0.4207	0.9634
chr19	36200000	36250000	16011	0.4330	0.9627
chr19	36250000	36300000	8000	0.4219	0.9674
chr19	36300000	36350000	12504	0.4513	0.9620
chr19	36350000	36400000	13768	0.4125	0.8972
chr19	36400000	36450000	14885	0.4552	0.9417
chr19	36450000	36500000	11766	0.3998	0.9447
chr19	36500000	36550000	19236	0.4200	0.9604
chr19	36550000	36600000	17022	0.4243	0.9211
chr19	36600000	36650000	11923	0.4087	0.9258
chr19	36650000	36700000	12756	0.3502	0.9278
chr19	36700000	36750000	18673	0.4376	0.9037
chr19	36750000	36800000	13020	0.4570	0.8965
chr19	36800000	36850000	12016	0.4323	0.9152
chr19	36850000	36900000	16658	0.4514	0.8765
chr19	36900000	36950000	14484	0.3987	0.9350
chr19	36950000	37000000	15000	0.4120	0.8555
chr19	37000000	37050000	18291	0.3810	0.8852
chr19	37050000	37100000	17220	0.3944	0.9099
chr19	37100000	37150000	14893	0.4198	0.9596
chr19	37150000	37200000	16250	0.4357	0.9282
chr19	37200000	37250000	9536	0.3872	0.8946
chr19	37250000	37300000	13290	0.4020	0.9375
chr19	37300000	37350000	14594	0.4452	0.9287
chr19	37350000	37400000	13817	0.4216	0.9643
chr19	37400000	37450000	9891	0.4458	0.9402
chr19	37450000	37500000	18936	0.4143	0.8651
chr19	37500000	37550000	9392	0.4444	0.9756
chr19	37550000	37600000	13742	0.4382	0.9381
chr19	37600000	37650000	8883	0.4255	0.9692
chr19	37650000	37700000	14832	0.4199	0.9665
chr19	37700000	37750000	13369	0.4156	0.9006
chr19	37750000	37800000	14016	0.4663	0.9730
chr19	37800000	37850000	20507	0.4419	0.9283
chr19	37850000	37900000	10448	0.4318	0.9493
chr19	37900000	37950000	16934	0.4318	0.9388
chr19	37950000	38000000	14817	0.4547	0.9621
chr19	38000000	38050000	14830	0.4495	0.9840
chr19	38050000	38100000	12342	0.4525	0.9593
chr19	38100000	38150000	19187	0.4255	0.9474
chr19	38150000	38200000	9000	0.4859	0.9355
chr19	38200000	38250000	17932	0.4311	0.9623
chr19	38250000	38300000	16019	0.4260	0.9650
chr19	38300000	38350000	13687	0.4478	0.9822
chr19	38350000	38400000	17745	0.4284	0.9478
chr19	38400000	38450000	12700	0.4502	0.9364
chr19	38450000	38500000	13311	0.4398	0.9393
chr19	38500000	38550000	11845	0.4560	0.9347
chr19	38550000	38600000	10246	0.4264	0.9413
chr19	38600000	38650000	12948	0.4293	0.9202
chr19	38650000	38700000	16817	0.4230	0.9694
chr19	38700000	38750000	11616	0.4250	0.9166
chr19	38750000	38800000	14810	0.4594	0.9156
chr19	38800000	38850000	13181	0.4464	0.9617
chr19	38850000	38900000	15172	0.4144	0.9456
chr19	38900000	38950000	10414	0.4075	0.8686
chr19	38950000	39000000	12843	0.3748	0.9171
chr19	39000000	39050000	7405	0.3508	0.9215
chr19	39050000	39100000	13295	0.4098	0.8806
chr19	39100000	39150000	11461	0.3888	0.8682
chr19	39150000	39200000	8975	0.3883	0.7952
chr19	39200000	39250000	7401	0.4117	0.7831
chr19	39250000	39300000	6525	0.3517	0.8281
chr19	39300000	39350000	9003	0.3807	0.8951
chr19	39350000	39400000	12348	0.3810	0.9013
chr19	39400000	39450000	4796	0.3983	0.6890
chr19	39450000	39500000	9791	0.3753	0.7655
chr19	39500000	39550000	10683	0.3844	0.7300
chr19	39550000	39600000	7367	0.3555	0.6954
chr19	39600000	39650000	8197	0.3368	0.8078
chr19	39650000	39700000	4940	0.4108	0.5993
chr19	39700000	39750000	0	0.0000	0.0000
chr19	39750000	39800000	2000	0.3775	0.5700
chr19	39800000	39850000	4999	0.3736	0.5618
chr19	39850000	39900000	0	0.0000	0.0000
chr19	39900000	39950000	0	0.0000	0.0000
chr19	39950000	40000000	3000	0.3567	0.5884
chr19	40000000	40050000	5000	0.3467	0.8142
chr19	40050000	40100000	6306	0.4127	0.6937
chr19	40100000	40150000	8235	0.4329	0.6703
chr19	40150000	40200000	11300	0.3912	0.6946
chr19	40200000	40250000	8185	0.3906	0.8533
chr19	40250000	40300000	10738	0.4332	0.8292
chr19	40300000	40350000	11631	0.4443	0.9629
chr19	40350000	40400000	11565	0.4757	0.9717
chr19	40400000	40450000	9808	0.4213	0.9533
chr19	40450000	40500000	19370	0.4745	0.9550
chr19	40500000	40550000	9194	0.4456	0.9777
chr19	40550000	40600000	13953	0.4754	0.8992
chr19	40600000	40650000	17415	0.4509	0.9227
chr19	40650000	40700000	8352	0.4453	0.9599
chr19	40700000	40750000	15086	0.4344	0.9349
chr19	40750000	40800000	14744	0.4432	0.9393
chr19	40800000	40850000	12626	0.4442	0.9654
chr19	40850000	40900000	13429	0.4316	0.9529
chr19	40900000	40950000	15092	0.4187	0.9360
chr19	40950000	41000000	13296	0.3853	0.9327
chr19	41000000	41050000	15246	0.4367	0.9551
chr19	41050000	41100000	15841	0.4429	0.9232
chr19	41100000	41150000	13005	0.4567	0.9782
chr19	41150000	41200000	13395	0.4922	0.9605
chr19	41200000	41250000	12184	0.4793	0.9740
chr19	41250000	41300000	9530	0.4775	0.9999
chr19	41300000	41350000	15023	0.4082	0.9772
chr19	41350000	41400000	12464	0.4793	0.9582
chr19	41400000	41450000	16253	0.4806	0.9698
chr19	41450000	41500000	11257	0.4457	0.9235
chr19	41500000	41550000	8000	0.4325	0.9036
chr19	41550000	41600000	10897	0.3927	0.8806
chr19	41600000	41650000	14052	0.3678	0.9610
chr19	41650000	41700000	12313	0.4776	0.9663
chr19	41700000	41750000	11040	0.5057	0.9876
chr19	41750000	41800000	12342	0.4942	0.9198
chr19	41800000	41850000	12868	0.4852	0.9447
chr19	41850000	41900000	12242	0.4139	0.9054
chr19	41900000	41950000	13413	0.4890	0.8969
chr19	41950000	42000000	6520	0.4900	0.9490
chr19	42000000	42050000	7522	0.4813	0.9430
chr19	42050000	42100000	15266	0.4604	0.9213
chr19	42100000	42150000	15125	0.4660	0.9473
chr19	42150000	42200000	15085	0.4481	0.8848
chr19	42200000	42250000	14365	0.4698	0.9032
chr19	42250000	42300000	9665	0.4970	0.9929
chr19	42300000	42350000	12101	0.4754	0.9603
chr19	42350000	42400000	14789	0.4941	0.9838
chr19	42400000	42450000	12443	0.4931	0.9945
chr19	42450000	42500000	10588	0.4677	0.9740
chr19	42500000	42550000	16584	0.4755	0.9839
chr19	42550000	42600000	18953	0.4912	0.9711
chr19	42600000	42650000	14194	0.3774	0.9560
chr19	42650000	42700000	12505	0.4559	0.9950
chr19	42700000	42750000	15441	0.4881	0.9749
chr19	42750000	42800000	12289	0.4669	0.9286
chr19	42800000	42850000	8074	0.5447	0.9999
chr19	42850000	42900000	18121	0.4538	0.9705
chr19	42900000	42950000	13244	0.4133	0.9462
chr19	42950000	43000000	11308	0.4216	0.9118
chr19	43000000	43050000	17985	0.3999	0.9400
chr19	43050000	43100000	11827	0.3737	0.9600
chr19	43100000	43150000	23963	0.4055	0.8801
chr19	43150000	43200000	8098	0.3781	0.9101
chr19	43200000	43250000	8729	0.3894	0.9592
chr19	43250000	43300000	17084	0.3862	0.9717
chr19	43300000	43350000	10843	0.3571	0.9471
chr19	43350000	43400000	10920	0.3658	0.8511
chr19	43400000	43450000	12100	0.3674	0.8591
chr19	43450000	43500000	15121	0.3635	0.9577
chr19	43500000	43550000	13000	0.4298	0.9503
chr19	43550000	43600000	10759	0.4848	0.9306
chr19	43600000	43650000	15299	0.4411	0.9494
chr19	43650000	43700000	8000	0.4668	0.9488
chr19	43700000	43750000	7273	0.4704	0.9489
chr19	43750000	43800000	12515	0.4618	0.9136
chr19	43800000	43850000	15127	0.4384	0.9567
chr19	43850000	43900000	13775	0.4267	0.9608
chr19	43900000	43950000	14661	0.4625	0.9160
chr19	43950000	44000000	10144	0.4673	0.9339
chr19	44000000	44050000	13732	0.4764	0.9387
chr19	44050000	44100000	10131	0.4268	0.9453
chr19	44100000	44150000	16025	0.4177	0.9488
chr19	44150000	44200000	14160	0.4394	0.9431
chr19	44200000	44250000	14250	0.4710	0.9141
chr19	44250000	44300000	12897	0.4596	0.8380
chr19	44300000	44350000	16758	0.4543	0.8612
chr19	44350000	44400000	11653	0.4798	0.9517
chr19	44400000	44450000	12031	0.4519	0.8581
chr19	44450000	44500000	17242	0.4603	0.9067
chr19	44500000	44550000	12813	0.4683	0.8405
chr19	44550000	44600000	11349	0.4679	0.9615
chr19	44600000	44650000	15631	0.4806	0.9213
chr19	44650000	44700000	9729	0.4766	0.9425
chr19	44700000	44750000	15973	0.5057	0.9581
chr19	44750000	44800000	13526	0.4882	0.9383
chr19	44800000	44850000	12460	0.5123	0.9773
chr19	44850000	44900000	18063	0.4903	0.9799
chr19	44900000	44950000	12897	0.4258	0.9445
chr19	44950000	45000000	10918	0.4847	0.9440
chr19	45000000	45050000	10621	0.3871	0.9100
chr19	45050000	45100000	8125	0.5050	0.9626
chr19	45100000	45150000	8885	0.4984	0.9287
chr19	45150000	45200000	13045	0.5135	0.9922
chr19	45200000	45250000	14489	0.4997	0.9688
chr19	45250000	45300000	10274	0.4758	0.8858
chr19	45300000	45350000	13476	0.4898	0.9531
chr19	45350000	45400000	9652	0.4625	0.9065
chr19	45400000	45450000	12423	0.4414	0.9234
chr19	45450000	45500000	13916	0.4019	0.9443
chr19	45500000	45550000	17256	0.4032	0.9691
chr19	45550000	45600000	17199	0.4051	0.9655
chr19	45600000	45650000	8060	0.5059	0.9268
chr19	45650000	45700000	9786	0.5000	0.9384
chr19	45700000	45750000	17352	0.4435	0.9192
chr19	45750000	45800000	3269	0.4536	0.9345
chr19	45800000	45850000	10464	0.4536	0.9578
chr19	45850000	45900000	15409	0.4856	0.9702
chr19	45900000	45950000	17643	0.4459	0.9550
chr19	45950000	46000000	11275	0.4254	0.8797
chr19	46000000	46050000	19421	0.4308	0.9477
chr19	46050000	46100000	8988	0.4420	0.7611
chr19	46100000	46150000	11910	0.5000	0.8997
chr19	46150000	46200000	10045	0.4359	0.8868
chr19	46200000	46250000	13000	0.4448	0.9373
chr19	46250000	46300000	15104	0.4219	0.9160
chr19	46300000	46350000	16193	0.4447	0.9536
chr19	46350000	46400000	11642	0.4562	0.9020
chr19	46400000	46450000	13315	0.4979	0.8705
chr19	46450000	46500000	10407	0.4782	0.9640
chr19	46500000	46550000	14103	0.4909	0.9414
chr19	46550000	46600000	10482	0.4920	0.9414
chr19	46600000	46650000	15976	0.4654	0.9022
chr19	46650000	46700000	7000	0.5112	0.9428
chr19	46700000	46750000	12657	0.4790	0.9603
chr19	46750000	46800000	12493	0.4552	0.8604
chr19	46800000	46850000	14762	0.4357	0.8972
chr19	46850000	46900000	9174	0.4145	0.9599
chr19	46900000	46950000	11274	0.4731	0.9694
chr19	46950000	47000000	13922	0.4292	0.9650
chr19	47000000	47050000	18963	0.4328	0.9070
chr19	47050000	47100000	7996	0.4332	0.9180
chr19	47100000	47150000	9219	0.4353	0.8532
chr19	47150000	47200000	14333	0.4345	0.9762
chr19	47200000	47250000	13008	0.4930	0.8553
chr19	47250000	47300000	14965	0.5013	0.9533
chr19	47300000	47350000	9248	0.5094	0.9917
chr19	47350000	47400000	7221	0.5228	0.9833
chr19	47400000	47450000	9014	0.5294	0.9765
chr19	47450000	47500000	9000	0.5119	0.9644
chr19	47500000	47550000	18583	0.5071	0.9598
chr19	47550000	47600000	15957	0.4773	0.9368
chr19	47600000	47650000	14458	0.4335	0.9446
chr19	47650000	47700000	13773	0.3962	0.9487
chr19	47700000	47750000	7589	0.4906	0.9618
chr19	47750000	47800000	10882	0.4710	0.9613
chr19	47800000	47850000	21214	0.4221	0.9516
chr19	47850000	47900000	10991	0.4687	0.9077
chr19	47900000	47950000	11252	0.4481	0.9180
chr19	47950000	48000000	13155	0.5019	0.9684
chr19	48000000	48050000	14205	0.4747	0.9730
chr19	48050000	48100000	13897	0.4652	0.9700
chr19	48100000	48150000	7781	0.4650	0.9493
chr19	48150000	48200000	14409	0.4731	0.9852
chr19	48200000	48250000	13711	0.4593	0.9806
chr19	48250000	48300000	9925	0.4750	0.8702
chr19	48300000	48350000	13626	0.4435	0.9692
chr19	48350000	48400000	18190	0.4385	0.9756
chr19	48400000	48450000	17623	0.4413	0.9805
chr19	48450000	48500000	16672	0.4296	0.9840
chr19	48500000	48550000	14243	0.4248	0.9612
chr19	48550000	48600000	12402	0.4317	0.9449
chr19	48600000	48650000	19246	0.4080	0.9588
chr19	48650000	48700000	9775	0.3958	0.9883
chr19	48700000	48750000	11454	0.3973	0.9827
chr19	48750000	48800000	17633	0.3998	0.9723
chr19	48800000	48850000	9096	0.4233	0.9835
chr19	48850000	48900000	16947	0.3900	0.9479
chr19	48900000	48950000	15875	0.3790	0.9340
chr19	48950000	49000000	19150	0.3771	0.9533
chr19	49000000	49050000	9078	0.3569	0.8897
chr19	49050000	49100000	10157	0.3939	0.9374
chr19	49100000	49150000	14809	0.3818	0.9749
chr19	49150000	49200000	15817	0.3865	0.9308
chr19	49200000	49250000	17227	0.3747	0.9623
chr19	49250000	49300000	9865	0.3664	0.9519
chr19	49300000	49350000	23090	0.3835	0.9546
chr19	49350000	49400000	12340	0.4050	0.9339
chr19	49400000	49450000	13183	0.3854	0.9640
chr19	49450000	49500000	14716	0.3687	0.9643
chr19	49500000	49550000	10985	0.3828	0.8931
chr19	49550000	49600000	14584	0.3949	0.9219
chr19	49600000	49650000	13777	0.3765	0.9281
chr19	49650000	49700000	13571	0.3689	0.9068
chr19	49700000	49750000	12082	0.3424	0.9614
chr19	49750000	49800000	17145	0.3923	0.9187
chr19	49800000	49850000	14237	0.3364	0.9360
chr19	49850000	49900000	17991	0.3485	0.9776
chr19	49900000	49950000	19702	0.3788	0.9580
chr19	49950000	50000000	17968	0.3756	0.9524
chr19	50000000	50050000	12836	0.3786	0.9881
chr19	50050000	50100000	14790	0.3748	0.9312
chr19	50100000	50150000	19108	0.3666	0.9724
chr19	50150000	50200000	16542	0.3776	0.9889
chr19	50200000	50250000	18373	0.4164	0.9795
chr19	50250000	50300000	16703	0.4154	0.9571
chr19	50300000	50350000	19312	0.4054	0.9437
chr19	50350000	50400000	5891	0.3837	1.0000
chr19	50400000	50450000	15153	0.4047	0.9574
chr19	50450000	50500000	17365	0.3880	0.9717
chr19	50500000	50550000	11910	0.4018	0.9536
chr19	50550000	50600000	20313	0.3935	0.9586
chr19	50600000	50650000	16434	0.3936	0.9609
chr19	50650000	50700000	16411	0.3945	0.9322
chr19	50700000	50750000	17863	0.3992	0.9610
chr19	50750000	50800000	10318	0.3939	0.9777
chr19	50800000	50850000	21244	0.3752	0.9663
chr19	50850000	50900000	18129	0.3547	0.9291
chr19	50900000	50950000	18043	0.3596	0.9193
chr19	50950000	51000000	9395	0.3724	0.9891
chr19	51000000	51050000	15712	0.3742	0.9844
chr19	51050000	51100000	11274	0.3743	0.9204
chr19	51100000	51150000	18526	0.3826	0.9186
chr19	51150000	51200000	10750	0.3613	0.8994
chr19	51200000	51250000	12000	0.3597	0.9431
chr19	51250000	51300000	7738	0.3360	0.9504
chr19	51300000	51350000	13462	0.3836	0.9524
chr19	51350000	51400000	13416	0.3755	0.9173
chr19	51400000	51450000	18816	0.3891	0.9560
chr19	51450000	51500000	15980	0.3704	0.9508
chr19	51500000	51550000	13772	0.3815	0.8997
chr19	51550000	51600000	14093	0.3689	0.8290
chr19	51600000	51650000	13204	0.3924	0.8657
chr19	51650000	51700000	10000	0.3928	0.8195
chr19	51700000	51750000	11427	0.3542	0.9218
chr19	51750000	51800000	10306	0.3450	0.9138
chr19	51800000	51850000	19445	0.3611	0.9398
chr19	51850000	51900000	15028	0.3821	0.8635
chr19	51900000	51950000	11822	0.3965	0.9676
chr19	51950000	52000000	10382	0.3694	0.9593
chr19	52000000	52050000	11310	0.3955	0.9150
chr19	52050000	52100000	10744	0.3932	0.9243
chr19	52100000	52150000	14655	0.3605	0.9514
chr19	52150000	52200000	15460	0.3610	0.9397
chr19	52200000	52250000	10206	0.3834	0.8729
chr19	52250000	52300000	14226	0.4020	0.9604
chr19	52300000	52350000	12744	0.3961	0.8516
chr19	52350000	52400000	11506	0.3728	0.9488
chr19	52400000	52450000	12414	0.3650	0.9788
chr19	52450000	52500000	18252	0.3654	0.9042
chr19	52500000	52550000	12286	0.3820	0.9458
chr19	52550000	52600000	18853	0.3765	0.9325
chr19	52600000	52650000	8708	0.3792	0.9141
chr19	52650000	52700000	14082	0.3971	0.8458
chr19	52700000	52750000	16654	0.4006	0.9677
chr19	52750000	52800000	16274	0.4152	0.9319
chr19	52800000	52850000	12527	0.4329	0.8765
chr19	52850000	52900000	12147	0.4088	0.9178
chr19	52900000	52950000	13969	0.4281	0.8682
chr19	52950000	53000000	12571	0.4287	0.8992
chr19	53000000	53050000	9325	0.4513	0.9434
chr19	53050000	53100000	15240	0.4756	0.9406
chr19	53100000	53150000	11413	0.4493	0.9410
chr19	53150000	53200000	19551	0.4450	0.9391
chr19	53200000	53250000	16204	0.4051	0.9624
chr19	53250000	53300000	17676	0.4194	0.9436
chr19	53300000	53350000	15410	0.4461	0.9667
chr19	53350000	53400000	17303	0.4632	0.9549
chr19	53400000	53450000	9333	0.4502	0.9535
chr19	53450000	53500000	16609	0.4479	0.9250
chr19	53500000	53550000	9000	0.4731	0.9678
chr19	53550000	53600000	11802	0.4940	0.9577
chr19	53600000	53650000	9109	0.4919	0.9511
chr19	53650000	53700000	8528	0.3887	0.9143
chr19	53700000	53750000	11327	0.4140	0.8914
chr19	53750000	53800000	10039	0.4332	0.9366
chr19	53800000	53850000	14788	0.4604	0.9109
chr19	53850000	53900000	17256	0.4646	0.9364
chr19	53900000	53950000	8486	0.4812	0.9617
chr19	53950000	54000000	13486	0.4606	0.9460
chr19	54000000	54050000	15887	0.3724	0.9564
chr19	54050000	54100000	18528	0.3629	0.8994
chr19	54100000	54150000	14263	0.4315	0.9480
chr19	54150000	54200000	14438	0.4705	0.9746
chr19	54200000	54250000	13836	0.4148	0.9785
chr19	54250000	54300000	13857	0.4535	0.9249
chr19	54300000	54350000	12698	0.4153	0.9190
chr19	54350000	54400000	16644	0.4180	0.9453
chr19	54400000	54450000	11972	0.3928	0.9613
chr19	54450000	54500000	16321	0.4368	0.9375
chr19	54500000	54550000	13503	0.4310	0.9730
chr19	54550000	54600000	10000	0.4017	0.9703
chr19	54600000	54650000	17000	0.4190	0.9368
chr19	54650000	54700000	13718	0.4160	0.9275
chr19	54700000	54750000	17151	0.3911	0.9621
chr19	54750000	54800000	17394	0.3879	0.9514
chr19	54800000	54850000	18927	0.4190	0.9618
chr19	54850000	54900000	19900	0.4279	0.9400
chr19	54900000	54950000	17304	0.4232	0.9228
chr19	54950000	55000000	12690	0.4242	0.9540
chr19	55000000	55050000	16922	0.4435	0.9437
chr19	55050000	55100000	13910	0.4175	0.9616
chr19	55100000	55150000	6547	0.4204	0.9379
chr19	55150000	55200000	17394	0.4674	0.9728
chr19	55200000	55250000	15732	0.4493	0.9531
chr19	55250000	55300000	20831	0.4672	0.9487
chr19	55300000	55350000	13960	0.4679	0.9665
chr19	55350000	55400000	13554	0.4093	0.9794
chr19	55400000	55450000	12277	0.4105	0.9156
chr19	55450000	55500000	12686	0.4287	0.9716
chr19	55500000	55550000	15886	0.4508	0.9915
chr19	55550000	55600000	13838	0.4240	0.9501
chr19	55600000	55650000	20063	0.4395	0.9784
chr19	55650000	55700000	19127	0.4729	0.9725
chr19	55700000	55750000	15567	0.4986	0.9946
chr19	55750000	55800000	15652	0.4450	0.9526
chr19	55800000	55850000	17706	0.4704	0.9779
chr19	55850000	55900000	11925	0.4838	0.9685
chr19	55900000	55950000	18020	0.4819	0.9830
chr19	55950000	56000000	13178	0.4305	0.9795
chr19	56000000	56050000	15975	0.4522	0.9697
chr19	56050000	56100000	11603	0.4678	0.9627
chr19	56100000	56150000	16516	0.4583	0.9265
chr19	56150000	56200000	11392	0.4548	0.9810
chr19	56200000	56250000	10754	0.4608	0.9802
chr19	56250000	56300000	14817	0.4848	0.9336
chr19	56300000	56350000	9791	0.4774	0.9593
chr19	56350000	56400000	14539	0.4922	0.9412
chr19	56400000	56450000	10028	0.4430	0.9847
chr19	56450000	56500000	9447	0.4697	0.8566
chr19	56500000	56550000	15800	0.4691	0.9853
chr19	56550000	56600000	4131	0.4875	0.7553
chr19	56600000	56650000	10635	0.3993	0.9840
chr19	56650000	56700000	15855	0.4199	0.9608
chr19	56700000	56750000	12377	0.4663	0.9587
chr19	56750000	56800000	14296	0.4798	0.9841
chr19	56800000	56850000	13755	0.4610	0.9771
chr19	56850000	56900000	14890	0.4171	0.9738
chr19	56900000	56950000	12921	0.4365	0.9553
chr19	56950000	57000000	15095	0.4932	0.9677
chr19	57000000	57050000	11628	0.4719	0.9201
chr19	57050000	57100000	17821	0.4788	0.9645
chr19	57100000	57150000	13068	0.4419	0.9836
chr19	57150000	57200000	17247	0.4542	0.9302
chr19	57200000	57250000	14024	0.4788	0.9614
chr19	57250000	57300000	13405	0.4589	0.9724
chr19	57300000	57350000	10840	0.4439	0.9199
chr19	57350000	57400000	17462	0.4537	0.9515
chr19	57400000	57450000	10851	0.4784	0.9195
chr19	57450000	57500000	12980	0.4833	0.9488
chr19	57500000	57550000	13912	0.4552	0.9381
chr19	57550000	57600000	11926	0.4650	0.9351
chr19	57600000	57650000	16231	0.4580	0.9379
chr19	57650000	57700000	16617	0.4252	0.9617
chr19	57700000	57750000	17264	0.3891	0.9546
chr19	57750000	57800000	13000	0.3950	0.9531
chr19	57800000	57850000	11801	0.4094	0.9294
chr19	57850000	57900000	11053	0.4017	0.9447
chr19	57900000	57950000	10564	0.4161	0.9600
chr19	57950000	58000000	17138	0.4272	0.9760
chr19	58000000	58050000	15686	0.3866	0.9816
chr19	58050000	58100000	8242	0.4576	0.9457
chr19	58100000	58150000	13831	0.4393	0.9463
chr19	58150000	58200000	17850	0.4498	0.9736
chr19	58200000	58250000	14282	0.4636	0.9621
chr19	58250000	58300000	22971	0.4369	0.9749
chr19	58300000	58350000	15845	0.4508	0.9921
chr19	58350000	58400000	15319	0.4683	0.9265
chr19	58400000	58450000	17166	0.4689	0.9395
chr19	58450000	58500000	19503	0.4630	0.9813
chr19	58500000	58550000	8184	0.4484	0.9780
chr19	58550000	58600000	13941	0.4316	0.9125
chr19	58600000	58650000	11523	0.4298	0.9215
chr19	58650000	58700000	12170	0.4362	0.9271
chr19	58700000	58750000	8168	0.4127	0.8643
chr19	58750000	58800000	13130	0.4080	0.9519
chr19	58800000	58850000	12859	0.4402	0.9613
chr19	58850000	58900000	13737	0.4804	0.9479
chr19	58900000	58950000	13859	0.4744	0.9707
chr19	58950000	59000000	9954	0.4632	0.9089
chr19	59000000	59050000	15135	0.4695	0.9627
chr19	59050000	59100000	17833	0.4112	0.9708
chr19	59100000	59150000	8790	0.4033	0.9567
chr19	59150000	59200000	14309	0.4358	0.8931
chr19	59200000	59250000	14335	0.4650	0.9446
chr19	59250000	59300000	14371	0.4650	0.9534
chr19	59300000	59350000	18906	0.4835	0.9490
chr19	59350000	59400000	13186	0.4029	0.9638
chr19	59400000	59450000	17270	0.4076	0.9559
chr19	59450000	59500000	19992	0.4824	0.9575
chr19	59500000	59550000	6944	0.4422	0.9987
chr19	59550000	59600000	13966	0.4266	0.8989
chr19	59600000	59650000	15673	0.4527	0.9101
chr19	59650000	59700000	14066	0.4735	0.9435
chr19	59700000	59750000	13175	0.4602	0.9835
chr19	59750000	59800000	9957	0.4468	0.9469
chr19	59800000	59850000	15026	0.4364	0.9389
chr19	59850000	59900000	11365	0.4115	0.9736
chr19	59900000	59950000	14618	0.4247	0.9753
chr19	59950000	60000000	15465	0.4236	0.9528
chr19	60000000	60050000	20309	0.3931	0.9769
chr19	60050000	60100000	11734	0.3894	0.9638
chr19	60100000	60150000	12482	0.3831	0.9319
chr19	60150000	60200000	14775	0.4279	0.9586
chr19	60200000	60250000	17954	0.4332	0.9870
chr19	60250000	60300000	15165	0.3876	0.9811
chr19	60300000	60350000	14548	0.3840	0.9446
chr19	60350000	60400000	13485	0.3953	0.9701
chr19	60400000	60450000	17379	0.4293	0.9328
chr19	60450000	60500000	9721	0.4247	0.9879
chr19	60500000	60550000	8257	0.4487	0.9536
chr19	60550000	60600000	19212	0.4383	0.9328
chr19	60600000	60650000	14972	0.3835	0.9299
chr19	60650000	60700000	12742	0.4337	0.8652
chr19	60700000	60750000	13436	0.4146	0.9444
chr19	60750000	60800000	13499	0.4179	0.9581
chr19	60800000	60850000	15228	0.4229	0.9272
chr19	60850000	60900000	14000	0.3800	0.8752
chr19	60900000	60950000	12666	0.4123	0.9079
chr19	60950000	61000000	14237	0.3873	0.8904
chr19	61000000	61050000	11786	0.4250	0.9351
chr19	61050000	61100000	10349	0.4174	0.9436
chr19	61100000	61150000	15615	0.4401	0.9556
chr19	61150000	61200000	17105	0.4303	0.9120
chr19	61200000	61250000	6731	0.3646	0.6652
chr19	61250000	61300000	7273	0.4175	0.7122
chr19	61300000	61350000	9463	0.4134	0.8064
